lncrna,protein,short
151,154,72
357,121,135
429,70,93
192,131,73
396,118,421
152,237,73
409,478,73
208,803,72
290,248,66
183,191,85
295,65,73
411,49,93
265,119,97
240,83,73
1756,382,238
155,624,119
113,135,148
49,133,135
72,146,130
328,155,10171
1631,59,90
73,93,74
74,145,82
95,189,73
89,159,299
231,90,112
395,632,127
79,349,100
506,222,142
98,188,133
195,190,139
301,185,73
189,232,63
69,65,128
1185,96,81
554,112,130
125,90,138
125,105,141
125,91,79
110,126,132
162,40,85
153,72,71
800,135,75
405,178,63
449,166,120
985,129,74
76,87,73
125,163,77
58,151,130
110,189,73
660,93,76
183,104,70
363,49,131
83,141,133
1456,262,94
287,188,164
118,111,109
242,147,82
253,105,134
117,333,123
367,41,73
96,49,82
48,85,74
35,126,72
210,258,73
1253,163,74
291,112,138
204,87,76
190,355,86
223,178,72
227,122,136
1472,271,75
179,72,141
286,171,131
375,94,152
175,151,72
392,167,129
102,71,148
1441,185,73
541,158,93
213,90,71
702,83,67
1373,27,82
764,406,77
267,47,69
200,340,93
2270,76,72
137,113,72
121,147,137
131,67,279
446,145,73
2369,74,106
1180,86,136
266,95,135
379,71,83
76,209,74
3585,173,93
142,242,133
78,89,72
277,101,207
465,200,77
157,124,88
971,2492,129
84,198,76
136,185,89
114,180,166
375,64,94
136,663,94
78,133,72
28,29,120
84,126,72
1619,958,73
696,88,137
168,89,451
57,188,125
91,128,82
847,558,279
109,98,72
918,112,72
1395,247,134
1693,200,93
502,73,132
113,87,78
339,177,72
110,50,86
196,1169,72
398,88,105
182,114,205
343,278,71
253,55,74
291,126,135
74,60,133
1639,81,98
59,134,195
969,77,73
133,71,73
765,71,73
83,119,94
594,176,72
1885,63,73
95,124,82
163,204,72
1494,103,83
190,138,74
422,52,73
177,134,72
1036,75,135
276,88,94
2616,148,64
70,116,69
539,630,82
1443,123,73
1358,148,63
96,219,74
1337,126,216
180,60,82
1559,124,94
1005,97,71
2477,83,120
77,102,76
1069,55,127
179,98,93
955,66,59
760,113,72
108,55,70
51,91,75
748,479,299
187,183,69
60,58,72
65,162,73
178,44,73
329,64,70
5278,94,53
221,122,72
313,162,95
107,60,91
2129,23,77
45,459,94
91,685,75
113,43,68
1792,51,89
90,97,72
181,69,73
222,199,152
59,101,71
111,180,73
908,340,2273
1708,213,70
508,106,72
1274,64,73
452,100,133
161,126,82
437,135,82
233,71,117
331,163,81
88,93,130
53,379,125
61,65,116
1848,172,73
632,213,73
204,144,82
200,78,95
2946,70,72
191,264,74
150,138,72
411,151,72
1543,234,74
323,128,81
436,116,71
283,144,135
304,156,104
190,145,63
606,431,139
200,55,242
569,73,134
313,125,138
3402,139,67
73,150,74
1382,104,74
139,225,81
54,136,71
169,145,72
1434,153,70
389,109,73
743,419,75
124,235,76
1873,128,101
312,74,73
255,61,71
1097,1528,276
550,156,59
271,144,133
345,241,134
100,153,82
1875,113,96
302,169,72
185,174,82
62,30,194
220,3308,125
125,314,85
233,125,96
483,115,73
150,156,120
56,71,94
1212,81,75
261,139,73
870,1035,75
60,72,73
277,626,88
554,139,86
482,323,72
274,103,119
1563,208,72
628,220,73
86,197,121
104,126,65
342,123,125
113,93,71
162,77,71
2289,711,353
508,86,82
309,149,88
185,2292,67
69,125,88
94,84,84
135,232,122
548,199,68
2138,108,82
389,61,73
201,51,74
831,127,73
1075,116,74
554,110,76
188,111,74
330,60,82
50,179,128
157,193,71
74,104,75
352,77,82
236,59,88
572,74,73
222,53,70
684,134,63
182,174,72
469,169,75
281,54,82
63,163,135
124,184,82
1437,117,70
161,149,128
66,218,75
375,131,135
152,80,137
199,25,73
144,239,132
202,213,75
1233,77,129
111,123,94
200,154,124
84,91,83
116,110,63
156,86,71
680,200,132
198,162,131
312,98,164
109,200,72
1573,73,84
143,52,73
32,97,73
109,129,75
222,103,137
889,101,72
453,71,75
407,82,72
144,111,62
1998,38,134
21,259,72
705,165,142
397,85,72
54,331,140
284,187,133
2328,339,72
93,236,103
314,26,74
194,92,72
142,101,72
263,1553,136
109,147,94
113,146,137
299,171,71
640,187,137
62,64,73
79,130,73
254,147,72
36,73,86
86,52,197
222,208,299
348,52,134
114,73,156
145,52,71
2229,304,73
1674,77,189
237,49,74
65,251,64
19,75,135
60,167,72
613,77,73
116,95,71
958,47,73
294,84,136
105,162,200
88,110,216
431,93,84
195,71,73
526,185,170
77,50,73
1202,1455,73
610,196,132
176,106,72
639,226,86
46,79,75
71,116,82
108,74,152
170,64,93
224,125,194
83,62,79
556,43,139
147,81,132
778,44,137
229,109,75
991,678,148
571,157,73
381,74,70
217,47,73
68,171,120
79,147,73
106,142,333
293,99,135
390,79,72
182,626,135
411,72,133
151,132,71
127,76,104
422,100,73
738,38,72
57,126,132
185,622,75
202,132,137
221,81,137
91,100,84
456,94,142
54,54,97
425,151,127
34,170,98
128,156,75
93,84,85
646,58,135
351,126,72
303,126,73
108,99,98
34,94,72
185,132,72
1635,88,170
126,100,78
391,1116,125
127,66,72
114,48,73
158,95,123
1066,87,117
326,109,98
634,132,73
130,138,137
219,570,78
437,126,92
356,155,72
119,587,54
119,93,268
80,86,84
317,98,72
71,137,87
51,88,72
86,104,82
260,104,80
167,40,82
1847,210,162
51,20,137
184,195,71
84,212,96
184,105,74
164,112,71
219,148,135
109,106,73
316,212,137
279,152,164
2290,101,75
282,140,204
163,112,82
148,67,134
349,1226,131
84,254,72
189,195,70
472,175,82
183,115,74
68,136,89
1137,2565,82
285,41,127
804,114,74
119,181,73
145,101,131
689,158,271
452,236,87
159,165,128
1255,114,82
377,214,102
59,138,131
138,180,75
120,30,97
59,60,131
139,94,129
79,59,84
1434,124,86
149,81,144
51,156,71
106,104,97
3176,605,71
100,95,139
542,719,74
853,566,128
94,121,72
131,145,63
161,94,136
382,137,82
354,300,97
165,174,84
267,154,94
69,118,171
284,125,74
118,86,137
2466,431,135
102,187,74
108,55,79
62,56,156
766,178,71
187,200,72
569,76,68
242,91,242
373,341,105
1902,296,82
79,84,73
134,30,75
235,115,85
615,81,62
205,65,48
377,109,144
1431,69,131
577,110,53
440,40,73
155,121,82
448,167,72
1234,85,55
54,175,72
119,73,127
594,119,74
59,582,128
164,134,74
55,101,218
3246,157,70
119,62,95
40,110,72
100,72,73
129,113,127
152,283,127
808,414,65
156,95,73
169,429,73
226,205,74
3368,86,72
476,44,127
521,51,191
672,76,71
228,82,93
1528,64,100
278,164,164
343,83,279
2024,102,108
266,222,78
331,97,94
110,96,77
243,78,135
134,70,89737
101,93,154
468,92,85
1146,35,79
67,299,86
506,162,133
122,122,129
307,129,137
112,166,92
142,144,117
234,145,72
164,73,135
532,663,60
674,225,72
131,204,88
434,156,132
155,136,77
124,107,71
136,98,72
295,106,134
119,147,164
70,110,85
1890,92,81
1224,44,68
222,183,73
441,63,72
35,109,72
179,134,64
162,60,72
655,573,78
89,227,95
184,63,73
67,33,157
194,178,134
44,81,71
55,62,120
6666,81,72
369,104,73
181,42,204
135,150,72
2107,153,73
1650,143,135
124,59,133
215,679,141
82,397,71
79,87,74
113,593,120
145,1196,73
96,173,83
234,40,91
387,120,135
1841,80,85
149,135,140
83,85,72
433,172,74
1619,121,76
112,1584,164
363,48,72
176,73,82
18,141,146
1014,126,73
93,634,73
623,176,100
288,232,71
248,141,251
61,44,100
30,128,65
257,119,73
82,54,70
415,154,74
107,63,131
905,385,73
71,156,70
483,141,71
1611,135,91
115,174,63
138,360,166
1960,592,72
112,1032,72
289,71,84
103,81,131
283,185,72
339,169,66
1107,111,75
98,201,162
177,118,36455
82,67,73
882,148,73
284,134,67
496,154,72
70,116,72
939,284,88
101,55,136
98,91,89
224,78,86
106,104,73
139,110,128
141,293,63
126,83,133
2265,121,73
150,228,164
57,204,97
68,119,73
64,177,94
287,96,75
79,45,73
315,173,71
3246,141,78
77,140,106
526,59,131
768,85,73
105,205,71
600,184,200
53,44,72
106,134,132
75,167,73
104,134,72
683,38,137
305,123,69
121,68,130
129,34,75
662,101,76
287,78,74
316,77,130
251,126,72
434,234,137
121,168,74
305,151,93
61,65,73
240,73,132
133,117,72
195,145,70
2895,135,276
119,63,94
193,127,135
209,136,72
150,148,120
130,161,135
143,41,160
406,83,106
94,166,134
966,236,73
157,134,85
425,63,88
69,118,3414
54,634,72
228,113,86
221,98,72
181,160,83
232,190,130
279,136,73
328,68,122
2429,81,73
4240,196,123
58,101,63
968,131,72
159,258,133
1149,107,82
1747,140,134
1236,83,67
110,261,71
1732,248,72
2281,166,82
172,116,135
54,58,142
796,120,164
200,181,92
74,76,75
132,91,86
2153,237,162
121,189,74
119,119,104
663,136,72
453,196,67
638,167,75
355,143,136
364,968,83
80,196,72
3164,169,73
851,208,59
172,93,89
29,100,134
161,123,71
239,169,73
78,145,63
147,271,152
163,210,103
1916,416,104
201,1831,81
46,67,134
497,66,132
127,241,107
121,69,133
585,120,73
50,109,133
2215,891,72
88,146,211
1126,2442,238
108,145,71
65,5413,96
97,95,73
266,92,160
325,78,116
557,595,197
54,178,72
214,86,90
218,62,104
403,194,128
119,172,66
314,242,139
316,95,162
163,240,82
199,87,65
329,119,80
186,171,353
1307,167,75
511,93,136
970,154,89
881,101,138
200,300,67
3339,84,89
1804,39,333
529,104,72
183,23,210
514,128,82
458,114,83
189,134,97
7578,2105,76
102,641,211
867,86,77
207,320,144
1371,74,73
146,114,114
102,420,82
218,449,69
334,157,83
442,128,72
278,118,97
1449,71,82
267,210,89
220,153,333
1743,156,59
1196,155,86
288,238,135
109,632,73
956,86,137
140,245,33
560,91,132
201,36,94
868,284,72
258,159,139
5,243,73
53,107,122
223,113,74
112,56,86
191,60,68
87,48,73
150,121,94
119,224,100
1992,80,88
2669,156,72
66,139,75
850,76,135
323,5439,133
272,2856,120
497,116,72
588,152,67
115,535,72
92,90,90
552,80,72
81,135,72
181,15,71
80,4366,72
160,63,72
101,76,73
199,93,73
71,97,150
31,267,73
812,146,101
319,77,133
796,141,119
299,78,133
99,232,96
706,152,73
631,97,104
445,620,72
117,539,73
95,59,73
85,96,75
404,116,104
171,477,73
262,156,82
219,184,134
1434,50,72
826,86,73
75,98,73
2023,58,139
267,100,216
1371,63,132
245,139,74
186,23,125
87,338,61
72,138,73
203,206,71
1529,156,82
82,131,73
56,57,127
378,502,72
125,147,73
520,55,79
185,151,74
371,256,71
162,262,73
192,80,75
210,227,144
233,155,166
3051,127,97
593,86,122
1989,50,238
2662,136,75
547,81,72
1767,39,72
342,113,82
1409,125,74
233,59,72
499,190,75
126,133,131
177,176,104
64,98,93
195,102,67
142,98,137
1846,421,54
89,184,63
799,324,67
338,63,73
65,101,130
206,184,130
127,75,91
65,102,73
104,102,137
64,44,9882
1049,42,125
123,62,63
420,251,104
82,109,135
178,140,595854
483,87,331
152,199,73
2262,135,82
357,88,126
104,169,77
339,156,74
305,63,251
916,109,84
86,105,133
491,194,68
281,275,73
1100,475,77
1378,150,82
580,62,136
1178,108,59
270,72,72
1155,125,94
1962,72,147
136,76,2512
309,162,109
81,89,67
150,77,191
1257,203,82
328,123,73
176,171,73
1928,185,73
148,104,63
136,416,73
212,95,142
124,356,103
269,148,100
207,113,94
49,779,94
296,66,82
332,170,93
194,167,132
124,160,72
230,211,63
93,60,160
138,132,64
56,113,72
430,61,78
43,93,135
193,90,331
88,126,68
540,71,72
106,71,204
270,733,73
109,129,98
121,77,112
157,216,73
91,1826,135
58,130,88
1576,71,74
160,162,84
332,153,133
114,91,61
214,139,72
90,70,79
5175,60,72
98,227,82
283,169,77
366,58,89
139,162,80
162,149,73
127,128,133
236,176,90
439,121,69
284,219,73
281,123,70
120,83,86
1088,731,71
55,149,72
686,44,73
136,109,69
7334,150,73
164,131,154
181,59,117
122,143,144
801,161,127
60,128,72
93,60,74
82,91,83
157,160,73
98,100,82
236,94,74
203,195,73
1312,873,72
108,133,75
67,188,70
98,45,75
432,118,74
150,103,299
273,116,128
118,832,136
62,592,92
54,1409,84
623,101,102
121,180,89
236,979,88
57,69,89
173,88,88
506,221,100
120,163,149
98,78,87
758,50,90
202,29,84
293,118,79
111,183,96
226,128,75
104,137,100
608,151,80
81,115,137
600,96,86
170,88,77
1407,125,93
103,199,88
208,77,75
138,126,114
1193,485,110
137,126,83
134,81,80
736,38,82
190,204,90
205,170,112
352,202,
59,79,
1307,181,
233,72,
147,146,
311,77,
226,152,
116,73,
204,468,
96,178,
406,73,
144,176,
57,186,
66,92,
174,139,
170,104,
1677,187,
137,231,
1152,110,
132,147,
630,37,
90,46,
186,215,
75,259,
109,224,
174,135,
526,95,
221,41,
228,1255,
161,142,
181,121,
724,156,
451,165,
67,115,
69,77,
63,122,
1292,155,
132,111,
83,93,
221,106,
123,187,
87,104,
48,53,
156,91,
163,129,
68,159,
312,88,
62,213,
95,162,
81,149,
65,189,
89,102,
1793,91,
144,178,
193,335,
91,98,
433,46,
113,66,
133,289,
124,137,
4263,137,
280,99,
641,1473,
137,156,
539,44,
131,109,
202,122,
376,201,
214,67,
120,281,
141,55,
136,136,
2279,59,
142,447,
36,217,
127,116,
353,98,
166,59,
106,96,
1315,200,
1450,119,
1269,103,
64,96,
64,50,
2195,214,
121,60,
139,65,
1392,197,
277,146,
165,87,
1967,62,
249,80,
476,104,
211,95,
241,48,
35,53,
269,70,
190,104,
316,177,
168,96,
186,207,
188,132,
446,67,
300,83,
98,485,
411,803,
236,150,
108,114,
1716,193,
136,161,
209,104,
184,42,
831,71,
3767,71,
243,94,
100,81,
304,107,
399,67,
1702,47,
447,121,
1417,84,
246,30,
223,128,
58,139,
3825,199,
332,87,
305,86,
196,184,
351,63,
2320,458,
893,97,
220,185,
592,199,
243,108,
232,697,
207,118,
467,402,
1936,1526,
717,84,
86,75,
918,371,
106,170,
221,103,
123,92,
52,189,
60,177,
1119,640,
1268,116,
87,144,
482,91,
201,424,
84,40,
82,335,
142,101,
97,150,
262,117,
5418,134,
42,107,
640,186,
118,153,
210,32,
158,128,
169,209,
885,79,
1105,125,
707,83,
3363,247,
70,156,
503,148,
118,105,
1031,132,
95,178,
171,127,
54,179,
1843,205,
98,232,
284,84,
400,98,
1075,38,
379,101,
119,178,
659,243,
297,128,
288,76,
1145,237,
93,154,
587,160,
121,76,
935,233,
166,185,
1523,99,
170,116,
522,177,
220,55,
163,118,
147,147,
48,104,
352,42,
286,196,
118,194,
31,145,
156,189,
45,75,
62,134,
1035,113,
410,56,
2540,28,
81,79,
346,159,
868,29,
383,187,
208,169,
87,214,
80,104,
1982,584,
199,226,
889,106,
370,55,
543,150,
312,118,
1140,144,
99,113,
171,43,
42,37,
86,147,
490,240,
337,407,
379,160,
207,183,
2083,150,
818,126,
55,60,
90,61,
429,50,
2254,157,
197,277,
259,17,
84,82,
867,214,
136,63,
1384,1203,
380,173,
46,113,
110,332,
82,81,
88,116,
1267,50,
89,116,
362,52,
292,60,
127,146,
122,140,
583,108,
136,158,
182,104,
333,62,
947,54,
172,83,
93,56,
164,89,
184,110,
79,117,
363,106,
471,84,
141,174,
99,248,
1518,88,
292,105,
345,414,
450,95,
284,84,
56,165,
127,66,
160,84,
203,67,
95,132,
209,206,
146,127,
573,100,
14,98,
84,318,
101,316,
458,101,
136,61,
1722,91,
239,97,
143,126,
98,178,
129,658,
329,270,
3149,148,
145,117,
354,117,
296,97,
262,80,
38,96,
573,116,
89,89,
354,194,
5049,130,
142,40,
150,75,
3004,248,
108,97,
3960,102,
195,115,
450,74,
113,65,
49,191,
61,218,
459,160,
176,241,
359,194,
158,86,
256,580,
206,103,
278,188,
137,137,
271,72,
93,39,
33,47,
1090,91,
5797,98,
299,113,
1085,98,
1189,97,
60,148,
363,92,
213,167,
98,109,
334,653,
200,294,
2688,322,
131,500,
58,167,
442,234,
184,50,
84,107,
1708,156,
245,151,
421,350,
197,302,
310,155,
62,66,
80,213,
446,144,
39,110,
227,193,
706,40,
137,179,
113,65,
175,152,
536,44,
47,522,
1521,644,
2937,191,
831,151,
142,183,
341,134,
1467,117,
274,123,
282,110,
71,21,
75,102,
186,199,
68,124,
157,767,
146,273,
560,137,
85,129,
589,199,
132,108,
151,163,
124,108,
3233,71,
106,162,
224,195,
433,203,
2068,48,
73,320,
120,128,
228,136,
132,56,
76,162,
376,167,
87,124,
238,58,
198,204,
174,82,
275,215,
1066,90,
72,36,
5162,111,
479,347,
540,137,
2141,161,
183,99,
191,122,
166,152,
356,201,
396,120,
970,149,
203,86,
691,137,
59,207,
232,134,
41,105,
35,143,
495,704,
95,194,
148,103,
104,138,
92,209,
1703,158,
493,95,
42,624,
165,184,
104,231,
857,178,
113,254,
99,136,
292,112,
2029,120,
120,215,
934,443,
240,374,
85,101,
125,222,
160,1088,
146,61,
199,38,
194,55,
375,86,
182,161,
117,121,
121,107,
749,190,
534,221,
160,41,
161,49,
152,53,
534,54,
294,200,
304,59,
183,82,
172,126,
207,110,
329,49,
172,252,
461,95,
313,219,
93,132,
385,582,
885,218,
306,149,
1449,116,
564,166,
195,213,
123,316,
999,111,
236,261,
568,153,
172,84,
1752,383,
1466,247,
93,144,
191,77,
86,627,
1149,58,
130,457,
173,183,
62,125,
1478,123,
88,164,
1612,83,
77,93,
76,125,
91,85,
271,109,
607,55,
1228,104,
220,80,
49,170,
155,259,
503,520,
62,1025,
558,86,
52,96,
1166,88,
54,161,
582,86,
38,123,
391,60,
503,95,
151,100,
76,178,
354,92,
140,69,
233,181,
169,176,
51,191,
198,198,
1328,50,
137,146,
191,116,
144,136,
107,155,
336,152,
275,184,
160,74,
909,99,
431,58,
82,173,
88,159,
375,230,
114,152,
440,524,
101,89,
586,164,
154,23,
1245,212,
71,113,
300,106,
225,278,
531,74,
71,101,
60,163,
178,73,
178,143,
218,89,
128,183,
170,174,
166,141,
173,131,
1365,185,
146,126,
302,110,
160,44,
217,183,
87,114,
2747,114,
101,173,
54,120,
142,140,
36,203,
186,228,
120,72,
1030,72,
184,58,
105,110,
292,169,
123,117,
121,106,
94,151,
4614,93,
61,107,
376,44,
167,81,
85,155,
33,74,
97,58,
141,154,
453,59,
761,83,
142,216,
183,168,
269,216,
211,112,
155,189,
5,177,
1114,150,
2746,158,
929,184,
417,182,
466,117,
123,150,
161,98,
76,53,
121,192,
54,168,
1396,169,
83,98,
637,154,
131,248,
900,187,
256,178,
1872,168,
83,153,
2090,136,
148,247,
1082,250,
108,240,
471,63,
231,134,
219,157,
109,46,
845,112,
88,156,
222,319,
253,550,
717,119,
2477,140,
625,682,
3077,115,
1722,835,
849,57,
57,214,
833,129,
367,151,
87,361,
806,214,
163,131,
102,116,
9,119,
697,82,
567,57,
1760,51,
256,143,
210,218,
83,139,
189,61,
84,225,
247,160,
103,125,
187,120,
75,491,
805,140,
157,114,
214,97,
109,89,
519,162,
93,148,
296,170,
71,213,
388,225,
73,129,
175,96,
151,88,
127,2589,
148,46,
61,58,
160,182,
176,208,
91,34,
242,307,
855,74,
272,161,
84,65,
158,151,
177,171,
457,86,
89,320,
236,230,
305,155,
31,83,
201,151,
459,92,
367,65,
169,19,
112,77,
229,252,
274,122,
461,151,
574,216,
404,81,
82,153,
403,134,
64,92,
93,179,
158,77,
1641,110,
533,168,
1474,108,
344,103,
4400,61,
1038,119,
214,68,
81,98,
563,119,
163,80,
269,227,
114,125,
161,166,
132,129,
706,108,
371,90,
241,195,
113,203,
766,77,
62,65,
266,50,
552,116,
153,109,
170,1278,
206,125,
149,371,
220,79,
1950,74,
665,1564,
149,86,
37,79,
162,175,
208,138,
570,180,
376,137,
124,144,
520,72,
103,498,
112,698,
529,117,
269,299,
228,226,
285,104,
136,172,
111,97,
64,115,
892,285,
143,190,
1236,44,
226,29,
509,129,
88,127,
282,101,
141,138,
630,85,
91,401,
236,53,
227,60,
165,191,
145,106,
217,79,
256,107,
72,132,
158,63,
75,204,
150,175,
174,115,
448,151,
472,230,
915,233,
561,35,
612,284,
350,55,
100,154,
176,272,
250,92,
173,136,
274,349,
42,171,
103,178,
1032,1214,
86,152,
972,82,
116,214,
151,113,
2389,1966,
266,156,
116,45,
2177,219,
524,83,
774,98,
1177,272,
594,125,
502,58,
358,103,
109,101,
154,296,
75,168,
134,181,
440,137,
1653,123,
148,115,
310,58,
204,91,
226,68,
62,81,
174,235,
226,220,
460,123,
52,50,
113,42,
202,140,
791,33,
94,86,
93,86,
98,96,
624,103,
243,76,
301,144,
118,99,
242,153,
198,141,
326,92,
2122,80,
1313,472,
52,305,
451,83,
536,163,
520,111,
122,156,
103,135,
100,697,
1631,696,
111,128,
99,70,
76,287,
192,108,
144,173,
80,75,
496,124,
454,59,
177,115,
162,68,
141,161,
492,66,
114,126,
244,21,
41,707,
740,232,
301,812,
116,167,
406,124,
883,42,
81,135,
108,203,
170,122,
312,1074,
323,218,
198,80,
98,109,
285,56,
156,148,
123,182,
149,74,
138,204,
76,161,
285,164,
110,103,
437,145,
1833,63,
240,80,
309,218,
1096,116,
789,155,
79,330,
57,102,
51,77,
161,122,
483,199,
146,108,
394,60,
159,89,
173,50,
153,152,
455,137,
296,156,
1567,154,
463,39,
17,222,
161,148,
78,97,
184,69,
90,74,
76,1599,
46,127,
683,116,
177,144,
48,244,
2208,304,
189,132,
95,138,
1616,84,
1918,160,
133,175,
1171,113,
1985,88,
1455,284,
1139,186,
831,292,
135,578,
202,2492,
2257,198,
276,97,
99,96,
145,86,
235,116,
155,31,
107,86,
559,105,
160,130,
1552,159,
119,160,
248,214,
148,60,
322,90,
325,94,
231,338,
208,153,
261,121,
113,363,
262,65,
100,194,
345,213,
170,102,
1093,55,
120,50,
171,606,
80,307,
558,124,
175,78,
1855,153,
196,84,
118,165,
442,242,
822,135,
61,51,
99,88,
30,166,
164,58,
3152,59,
544,318,
161,88,
22,163,
631,101,
1044,128,
640,126,
1162,183,
54,125,
60,969,
88,284,
175,84,
379,81,
55,191,
109,120,
497,152,
138,187,
1830,198,
101,144,
558,74,
102,119,
122,1615,
128,331,
127,246,
432,82,
345,122,
112,74,
767,2474,
1026,203,
2054,144,
147,104,
50,57,
371,55,
1878,240,
124,107,
327,103,
166,59,
2693,110,
41,122,
94,90,
81,117,
171,83,
218,160,
448,101,
1811,87,
388,93,
1899,115,
817,71,
645,92,
121,79,
1253,109,
1585,130,
291,96,
390,192,
229,148,
341,148,
102,83,
237,85,
70,445,
226,168,
184,135,
2339,245,
174,31,
41,103,
70,113,
1281,110,
122,89,
63,63,
170,51,
113,159,
202,96,
90,57,
100,91,
93,647,
144,222,
191,30,
65,79,
24737,86,
183,136,
144,90,
197,105,